function mpc = NS_SII_mod()

mpc.version = '2';

mpc.baseMVA = 100;

%% AC bus data
%    bus_i    type    Pd    Qd    Gs    Bs    area    Vm    Va    baseKV    zone    Vmax    Vmin
mpc.bus = [
   1     2     0.0     0.0     0.0     0.0     2     1.01     0.01     380     2     1.1     0.9;
   2     2     0.0     0.0     0.0     0.0     2     1.01     0.01     380     2     1.1     0.9;
   3     2     0.0     0.0     0.0     0.0     2     1.01     0.01     380     2     1.1     0.9;
   4     3     0.0     0.0     0.0     0.0     2     1.0     0.0     380     2     1.1     0.9;
   5     2     0.0     0.0     0.0     0.0     2     1.01     0.01     380     2     1.1     0.9;
   6     1     0.0     0.0     0.0     0.0     2     1.01     0.01     380     2     1.1     0.9;
   7     1     1300.0     0.0     0.0     0.0     2     1.01     0.01     380     2     1.1     0.9;
   8     1     550.0     0.0     0.0     0.0     2     1.01     0.01     380     2     1.1     0.9;
   9     2     560.0     0.0     0.0     0.0     2     1.01     0.01     380     2     1.1     0.9;
   10     2     0.0     0.0     0.0     0.0     2     1.01     0.01     380     2     1.1     0.9;
   11     1     515.0     0.0     0.0     0.0     2     1.01     0.01     380     2     1.1     0.9;
   12     1     520.0     0.0     0.0     0.0     2     1.01     0.01     380     2     1.1     0.9;
   13     1     0.0     0.0     0.0     0.0     2     1.01     0.01     380     2     1.1     0.9;
   14     1     1620.0     0.0     0.0     0.0     2     1.01     0.01     380     2     1.1     0.9;
   15     2     0.0     0.0     0.0     0.0     2     1.01     0.01     380     2     1.1     0.9;
   16     2     0.0     0.0     0.0     0.0     2     1.01     0.01     380     2     1.1     0.9;
   17     1     0.0     0.0     0.0     0.0     2     1.01     0.01     380     2     1.1     0.9;
   18     1     0.0     0.0     0.0     0.0     2     1.01     0.01     380     2     1.1     0.9;
   19     2     120.0     0.0     0.0     0.0     2     1.01     0.01     380     2     1.1     0.9;
   20     2     0.0     0.0     0.0     0.0     2     1.01     0.01     380     2     1.1     0.9;
   21     2     700.0     0.0     0.0     0.0     2     1.01     0.01     380     2     1.1     0.9;
   22     2     0.0     0.0     0.0     0.0     2     1.01     0.01     380     2     1.1     0.9;
   23     2     0.0     0.0     0.0     0.0     2     1.01     0.01     380     2     1.1     0.9;
   24     2     340.0     0.0     0.0     0.0     2     1.01     0.01     380     2     1.1     0.9;
   25     3     0.0     0.0     0.0     0.0     1     1.0     0.0     380     1     1.1     0.9;
   26     2     575.0     0.0     0.0     0.0     1     1.01     0.01     380     1     1.1     0.9;
   27     1     0.0     0.0     0.0     0.0     1     1.01     0.01     380     1     1.1     0.9;
   28     1     1320.0     0.0     0.0     0.0     1     1.01     0.01     380     1     1.1     0.9;
   29     1     0.0     0.0     0.0     0.0     1     1.01     0.01     380     1     1.1     0.9;
   30     1     0.0     0.0     0.0     0.0     1     1.01     0.01     380     1     1.1     0.9;
   31     1     0.0     0.0     0.0     0.0     1     1.01     0.01     380     1     1.1     0.9;
   32     1     0.0     0.0     0.0     0.0     1     1.01     0.01     380     1     1.1     0.9;
   33     1     0.0     0.0     0.0     0.0     1     1.01     0.01     380     1     1.1     0.9;
   34     1     0.0     0.0     0.0     0.0     1     1.01     0.01     380     1     1.1     0.9;
   35     1     800.0     0.0     0.0     0.0     1     1.01     0.01     380     1     1.1     0.9;
   36     2     0.0     0.0     0.0     0.0     1     1.01     0.01     380     1     1.1     0.9;
   37     1     0.0     0.0     0.0     0.0     1     1.01     0.01     380     1     1.1     0.9;
   38     2     0.0     0.0     0.0     0.0     1     1.01     0.01     380     1     1.1     0.9;
   39     1     0.0     0.0     0.0     0.0     1     1.01     0.01     380     1     1.1     0.9;
   40     1     0.0     0.0     0.0     0.0     1     1.01     0.01     380     1     1.1     0.9;
   41     1     0.0     0.0     0.0     0.0     1     1.01     0.01     380     1     1.1     0.9;
   42     1     0.0     0.0     0.0     0.0     1     1.01     0.01     380     1     1.1     0.9;
   43     1     0.0     0.0     0.0     0.0     1     1.01     0.01     380     1     1.1     0.9;
   44     1     0.0     0.0     0.0     0.0     1     1.01     0.01     380     1     1.1     0.9;
   45     1     0.0     0.0     0.0     0.0     1     1.01     0.01     380     1     1.1     0.9;
   46     1     6280.0     0.0     0.0     0.0     1     1.01     0.01     380     1     1.1     0.9;
   47     1     0.0     0.0     0.0     0.0     1     1.01     0.01     380     1     1.1     0.9;
   48     2     0.0     0.0     0.0     0.0     1     1.01     0.01     380     1     1.1     0.9;
   49     1     0.0     0.0     0.0     0.0     1     1.01     0.01     380     1     1.1     0.9;
   50     2     0.0     0.0     0.0     0.0     1     1.01     0.01     380     1     1.1     0.9;
   51     2     0.0     0.0     0.0     0.0     1     1.01     0.01     380     1     1.1     0.9;
   52     2     0.0     0.0     0.0     0.0     2     1.01     0.01     380     2     1.1     0.9;
   53     1     0.0     0.0     0.0     0.0     2     1.01     0.01     380     2     1.1     0.9;
   54     1     0.0     0.0     0.0     0.0     2     1.01     0.01     380     2     1.1     0.9;
   55     1     710.0     0.0     0.0     0.0     2     1.01     0.01     380     2     1.1     0.9;
   56     1     0.0     0.0     0.0     0.0     2     1.01     0.01     380     2     1.1     0.9;
   57     1     0.0     0.0     0.0     0.0     2     1.01     0.01     380     2     1.1     0.9;
   58     1     0.0     0.0     0.0     0.0     2     1.01     0.01     380     2     1.1     0.9;
   59     1     930.0000000000001     0.0     0.0     0.0     2     1.01     0.01     380     2     1.1     0.9;
   60     2     0.0     0.0     0.0     0.0     2     1.01     0.01     380     2     1.1     0.9;
   61     1     0.0     0.0     0.0     0.0     2     1.01     0.01     380     2     1.1     0.9;
   62     1     0.0     0.0     0.0     0.0     2     1.01     0.01     380     2     1.1     0.9;
   63     2     0.0     0.0     0.0     0.0     2     1.01     0.01     380     2     1.1     0.9;
   64     2     0.0     0.0     0.0     0.0     3     1.01     0.01     380     3     1.1     0.9;
   65     2     0.0     0.0     0.0     0.0     3     1.01     0.01     380     3     1.1     0.9;
   66     2     0.0     0.0     0.0     0.0     3     1.01     0.01     380     3     1.1     0.9;
   67     1     0.0     0.0     0.0     0.0     3     1.01     0.01     380     3     1.1     0.9;
   68     1     560.0     0.0     0.0     0.0     3     1.01     0.01     380     3     1.1     0.9;
   69     1     0.0     0.0     0.0     0.0     3     1.01     0.01     380     3     1.1     0.9;
   70     1     0.0     0.0     0.0     0.0     3     1.01     0.01     380     3     1.1     0.9;
   71     3     240.0     0.0     0.0     0.0     3     1.0     0.0     380     3     1.1     0.9;
   72     2     0.0     0.0     0.0     0.0     3     1.01     0.01     380     3     1.1     0.9;
   73     3     0.0     0.0     0.0     0.0     4     1.0     0.0     380     4     1.0     1.0;
   74     3     0.0     0.0     0.0     0.0     5     1.0     0.0     380     5     1.0     1.0;
   75     3     0.0     0.0     0.0     0.0     6     1.0     0.0     380     6     1.0     1.0;
   76     3     0.0     0.0     0.0     0.0     7     1.0     0.0     380     7     1.0     1.0;
   77     3     0.0     0.0     0.0     0.0     8     1.0     0.0     380     8     1.0     1.0;
];

%% AC branch data
%    fbus    tbus    r    x    b    rateA    rateB    rateC    ratio    angle    status    angmin    angmax
